1
2
3
3
1
1
2
2
3
3
2
3
1
2
-1
-1
3
-2
-2
2
-3
-1
-3
-2
-3
-1
1
-1
1
1
-2
-1
2
-2
2
2
-3
-2
3
3
-3
-3
3
1
-1
-1
-1
1
1
2
-2
-2
-2
2
2
3
3
-3
-3
-3
1
2
-1
-1
-2
2
1
-2
-1
-2
3

2
-3
3
3
-3
1
-1
1
1
2
2
3
-2
3
3

-1
-2
-3
-2
-3
-1
1
-2
1
1
2
-3
2
3
3
2
-1
-1
3
-2
-2
-3
-3
1
2
1
1
2
2
3
-1
-2
3
-3
-1
-2
-1
-3
-2
-3
-1
1
1
-2
1
2
2
-3
2
3
3
-1
3
-1
-2
-2
-3
-3
-1
1
2
-2
3
-3
1
2
3
-1
1
-2
2
-3
3
-1
-2
-3
-1
-1
-2
-2
-3
-3
-1
2
-2
3
-3
1
1
2
2
3
-1
-2
-1
-3
-2
-3
1
1
2
3
3
-1
1
2
-2
3
-3
-1
1
-2
2
-3
3
-1
-2
-3
1
1
2
2
3
3
-1
-2
-3
1
2
3
-1
-2
-3
1
-1
-2
2
-3
3
1

-2
2
-3
3
-1
1
-2
3
-3
1

-2
-3
3
-1
1
2

-3
-1
-2
1
-3
2
3
-1
1
-2
2
-3
3
-1
-1
-2
-2
-3
-3
1
1
3
2
3
1
1
3
2
3
-1
-2
-3
1
2

-2
-3
3
-1
-2
-3
1
1
2
2
3
3
-1
2
-2
3
-3
-1
-2
-1
-3
-2
-3
1
2

-2
3
-3
-1
-2
1
-3
2
3
-1
-2
1
-3
2
3
1
2
1
3
2
3
1
-1
2
-2
3
-3
-1
-1
-2
-3
-3
1
2
3
-1
1
-2
2
-3
3
1
2
-1
-2
-1
-3
-2
-3
-1
-2
-2
-3
-3
1
1
2
2
3
3
1
2
3
-1
-2
-3
-1
-2
-3
1
2
3
-1
-2
-3
1
2
3
-1
-2
-3
1
2
3
-1
-2
-3
-1
-2
-3
1
2
3
1
2
3
1
2
3
-1
-2
-3
-1
-2
-3
1
-1
2
-2
3
-3
1
-1
-2
2
-3
3
1
2
3
-1
1
-2
2
-3
3
-4
4
-5
5
-6
6
-7
7
-8
8
-9
9
-10
10
-11
11
-12
12
-13
-14
-15
13
14
-16
-17
15
-18
16
-19
17
-20
18
-21
-22
19
-23
21
-24
22
-25
23
-26
24
-27
25

26
-29
27
-30
28
-31
29
-32
30
-33
31
-34
32
-35
33
-36
34
-37
35
-38
36
-39
37
-40
38
-41
39
-42
40
-43
41
-44
42
-45
43
-46
-47
44
-48
45
-49
46
-50
47
-51
48
-52
49
-53
50
-54
51
-55
52
-56
53
-57
54
-58
55
-59
56
-60
57
-61
58
-62
59
-63
60
-64
61
62
-65
-66
63
-67
64
-68
65
-69
66
-70
67
68
-71
69
-72
70
-73
71
72
-74
73
-75
74
75
-76
76
77

78
-78
79
-79
80
-80
-81
81
82
83
-82
84
-83
-84
85
86
-85
87
-86
88
-87
89
-88
-89
90
-90
91
-91
92
-92
-93
93
-94
95
-95
96
97
-96
-97
98
-98
-99
100
101
-100
-101
102
103
-102
-103
104
105
-104
-105
106
-106
107
-107
108
-108
-109
-110
109
-111
110
-112
111
-113
112
-114
113
114
-115
115
-116
116
-117
117
-118
118
-119
119
-120
-121
120
-122
121
122
-123
-124
123
-125
124
-126
125
-127
126
-128
127
-129
128
129
-130
-131
-132
130
131
-133
132
133
-134
-135
134
-136
135
-137
136
-138
137
-139
-140
138
139
-141
140

-143
141
-144
142
143

144
-146
-147
145
146
-148
-149
147
148
-150
149
-151
150
151
-152
-153
152
-154
153
154
-155
155
-156
156
-157
157
-158
158
-159
159
-160
160
-161
-162
161
162
-163
163
-164
164
-165
165
166
-166
-167
167
-168
168
169
-169
-170
170

171
-172
-173
173
-174
174
-175
175
176
-176
177
178
-177
-178
179
-179
-180
180
-181
181
-182
-183
183
-184
-185
184
-186
185
-187
186
-188
187
-189
188
189
-190
190
-191
191
-192
192
-193
193
-194
-195
194
-196
195
196
197
-197
198
-198
199
-199
200
-200
201
-201
202
-202
203
-203
204
-204
-205
-206
205
-207
206
-208
207
-209
208
-210
209
-211
210
-212
211
-213
212
213
-214
214
-215
215
-216
-217
216
-218
217
-219
218
-220
219
-221
220
-222
221
-223
222
-224
-225
224
-226
226
-227
227
228
-228
229
-229
230
-230
231
-231
232
-232
-233
234
-234
235
-235
236
-236
237
238

239
-238
240
-239
241
-240
242

243
-242
244
-243
245
-244
246
-245
-246
247
248
-247
249
-248
250
-249
251
252
-250
253
-251
-252
-253
254
-254
255
256
-255
257
-256
258

259

-259
260
261
-260
262
-261
263
-262
264
-263
265
-264
266
-265
267
-266
268
269
-267
-268
270
-269
271
-270
272
-271
-272
273
-273
274
275
-274
276
-275
277
-276
278
-277
279
-278
280
-279
281
282

-281
283
-282
284
-283
285
-284
286
-285
287
-286
288
-287
-288
290
-289
291
-290
292
-291
293
-292
-293
294
-294
-295
-296
295
296
-297
297
298
-298
299
300
301
-299
302
-300
303
304
-301
305
-302
306
-303
307
308
309
-304
310
-305
312
-306
-307
313
-308
-309
314
-310
315
316

-312
317
-313
318
-314
319
-315
320
-316
321
322
-317
323
-318
324
-319
325
-320
327
-321
328
-322
329
-323
330
-324
331
-325
332
-326
333
-327
-328
334
-329
-330
335
336
-331
337
-332
-333
338
-334
339
-335
340
341
-336
-337
342
343

344

-340
345
-341
346
-342
347
-343
348
-344
-345
349
-346
350
351
-347
352
-348
-349
353
354
-350
355
-351
356
-352
357
-353
-354
-355
359

-357
360
-358
361
-359
362
-360
363
364
-361
365
366
-362
-363
368
-364
369
-365
370
-366
371
-367
372
373
-368
374
375
-369
376
-370
377
-371
378
-372
379
380
-373
-374
382
-375
383
-376
-377
384
-378
-379
385
-380
-381
386

-383
387
-384
388
389
-385
391
-386
392
-387
393
394

395
-389
396
-390
397
-391
398
-392
399
400
-393
401
402

-395
403
404
-396
-397
405
-398
406
-399
407
-400
408
409
-401
410
411
-402
412
-403
413
-404
414
415
-405
-406
416
-407
417
-408
418
-409
-410
419
-411
420
-412
421
-413
-414
-415
422
423
-416
424
-417
-418
425
-419
426
-420
-421
427
-422
428
-423
429
430
431
-424
432
433
434

-426
435
436
-427
437
438
-428
439
440
-429
-430
441

-432
442
-433
-434
443
-435
444
-436
-437
445
446
-438
447
-439
448
-440
449
-441
450
-442
-443
451
-444
452
453
-445
-446
454
-447
455
-448
-449
456
-450
457
-451
-452
458
459
-453
460
-454
461
-455
462

-457
463
464
-458
465
-459
466
467
-460
468
-461
-462
469
-463
470

-465
471
-466
472
473
-467
474
-468
475
-469
476
-470
477
-471
478
-472
479
-473
480
-474
481
-475
482
-476
483
-477
484
-478
485
-479
486
-480
487
-481
488

-483
489
490
491
-484
492
-485
-486
493
494
495

-488
496
-489
497
-490
498
-491
499
-492
500
-493
-494
-1
-495
-496
-2
-3
-497
-4
-5
-498
-6
-499
-500
-7
-1
-2
-8
-3
-9
-4
-10
-5
-11
-6
-12
-13
-7
-8
-14
-15
-9
-16
-10
-17
-11
-18
-12
-19
-20
-21
-14
-22
-23
-24
-15
-25
-26
-16
-27
-17
-28
-29
-18
-30
-19
-31
-32
-33
-20
-34
-35
-21
-36
-22
-37
-38
-23
-24
-39
-25
-40
-41
-27
-42
-28
-43
-29
-44
-45
-31
-46
-32
-47
-33
-34
-48
-35
-49
-50
-36
-51
-37
-38
-52
-39
-53
-54
-40
-55
-41
-56
-42
-43
-57
-44
-58
-59
-45
-60
-46
-47
-61
-48
-62
-49
-63
-50
-64
-65
-51
-66
-67
-52
-68
-69
-53
-70
-71
-54
-72
-55
-73
-56
-57
-74
-75
-58
-59
-76
-77
-61
-78
-62
-79
-63
-64
-80
-65
-81
-66
-82
-67
-83
-68
-69
-70
-71
-85
-72
-86
-73
-87
-74
-88
-75
-89
-76
-90
-77
-91
-78
-92
-79
-93
-80
-94
-81
-82
-95
-96
-83
-97
-84
-98
-85
-99
-86
-100
-87
-88
-101
-89
-102
-90
-103
-104
-92
-105
-93
-106
-94
-107
-95
-96
-108
-97
-109
-98
-110
-99
-111
-100
-112
-101
-113
-102
-114
-103
-104
-115
-105
-116
-106
-117
-107
-118
-108
-119
-109
-120
-121
-110
-111
-122
-112
-123
-113
-124
-114
-125
-115
-126
-116
-127
-117
-128
-118
-129
-119
-130
-120
-131
-121
-132
-122
-133
-123
-134
-124
-135
-125
-136
-126
-137
-127
-138
-139
-128
-140
-130
-141
-131
-142
-132
-143
-133
-144
-145
-134
-146
-135
-147
-136
-148
-137
-149
-138
-150
-151
-139
-152
-140
-153
-154
-141
-155
-142
-156
-157
-143
-158
-144
-159
-145
-160
-146
-161
-147
-162
-148
-163
-149
-164
-150
-165
-151
-166
-152
-167
-153
-168
-154
-169
-155
-170
-156
-171
-157
-172
-158
-173
-159
-174
-160
-175
-161
-176
-162
-177
-163
-178
-179
-164
-165
-180
-166
-181
-167
-182
-183
-168
-184
-185
-169
-186
-170
-187
-171
-188
-173
-189
-174
-190
-175
-191
-176
-192
-177
-193
-178
-194
-179
-195
-180
-196
-181
-197
-182
-198
-183
-199
-184
-200
-185
-201
-186
-202
-187
-203
-188
-204
-189
-205
-190
-206
-191
-207
-192
-209
-193
-210
-194
-211
-195
-212
-196
-213
-197
-214
-198
-215
-199
-216
-217
-200
-218
-201
-219
-202
-220
-203
-221
-204
-222
-205
-223
-224
-206
-225
-207
-226
-208
-227
-209
-228
-229
-210
-230
-211
-231
-232
-212
-233
-213
-235
-214
-236
-215
-237
-216
-238
-217
-239
-218
-240
-241
-219
-242
-220
-243
-221
-244
-222
-245
-223
-224
-246
-225
-247
-226
-248
-227
-249
-228
-250
-229
-251
-230
-252
-231
-253
-232
-254
-233
-255
-234
-256
-235
-257
-236
-258
-237
-259
-238
-239
-260
-261
-240
-262
-263
-241
-242
-264
-265
-266
-243
-267
-244
-268
-269
-245
-270
-246
-271
-248
-272
-249
-274
-250
-275
-251
-276
-252
-277
-253
-278
-254
-279
-255
-280
-256
-281
-257
-282
-258
-283
-259
-284
-260
-285
-261
-286
-262
-287
-263
-288
-264
-289
-265
-290
-266
-291
-267
-292
-268
-293
-269
-294
-270
-295
-271
-296
-272
-297
-273
-298
-274
-275
-299
-276
-300
-277
-301
-278
-302
-279
-303
-280
-304
-281
-305
-282
-306
-283
-307
-284
-308
-285
-309
-310
-287
-288
-311
-289
-312
-290
-313
-291
-314
-292
-315
-293
-294
-316
-295
-317
-296
-318
-297
-319
-298
-320
-299
-321
-300
-322
-301
-323
-302
-324
-303
-325
-304
-326
-305
-327
-306
-328
-307
-329
-308
-330
-331
-309
-332
-310
-333
-311
-334
-312
-335
-313
-314
-336
-315
-337
-338
-316
-339
-340
-317
-318
-341
-342
-319
-343
-320
-321
-344
-323
-345
-324
-325
-347
-326
-348
-327
-328
-349
-329
-350
-330
-351
-331
-332
-352
-333
-353
-334
-354
-335
-355
-336
-356
-337
-357
-338
-358
-339
-359
-340
-360
-341
-361
-342
-362
-343
-363
-344
-364
-345
-365
-346
-366
-347
-367
-348
-368
-349
-369
-350
-370
-351
-371
-352
-372
-353
-373
-354
-374
-355
-375
-356
-376
-357
-377
-358
-378
-359
-379
-360
-380
-361
-362
-381
-363
-382
-364
-383
-365
-384
-366
-385
-367
-386
-368
-387
-369
-388
-370
-371
-389
-372
-390
-373
-391
-374
-392
-375
-393
-376
-394
-377
-395
-378
-396
-379
-397
-380
-398
-381
-399
-382
-400
-383
-401
-384
-402
-385
-403
-386
-404
-387
-405
-388
-406
-389
-407
-390
-408
-391
-409
-392
-410
-393
-411
-394
-412
-395
-413
-396
-414
-397
-398
-415
-399
-416
-400
-417
-401
-418
-402
-419
-403
-420
-404
-421
-405
-422
-406
-407
-424
-408
-425
-409
-426
-410
-427
-411
-412
-428
-413
-414
-415
-429
-430
-416
-431
-417
-432
-418
-433
-434
-435
-420
-436
-421
-437
-422
-438
-423
-439
-424
-440
-425
-441
-442
-426
-443
-427
-444
-428
-445
-429
-446
-430
-447
-431
-448
-432
-449
-433
-450
-434
-451
-435
-452
-436
-453
-437
-454
-438
-455
-439
-456
-440
-457
-441
-458
-442
-459
-443
-444
-460
-445
-461
-446
-462
-447
-463
-448
-464
-449
-465
-450
-466
-451
-467
-452
-468
-453
-469
-454
-470
-455
-471
-456
-472
-457
-473
-458
-474
-475
-459
-476
-460
-477
-461
-478
-462
-479
-463
-480
-464
-481
-465
-482
-466
-467
-483
-468
-484
-469
-485
-470
-486
-471
-487
-472
-488
-473
-489
-474
-490
-491
-476
-492
-477
-493
-478
-494
-479
-495
-480
-496
-481
-497
-482
-498
-483
-499
-484
-500
-485
1
-486
2
-487
3
-488
4
-489
5
-490
6
-491
7
8
-492
9
-493
10
-494
11
-495
12
-496
13
-497
14
-498
15
-499
16
-500
17
1
18
2
19
3
20
4
21
5
22
6
23
7
24
8
25
9
26
10
27
11
28
12
29
13
30
31
14
15
32
33
16
34
17
35
18
36
19
20
37
38
21
22
23
39
24
40
25
41
26
42
27
43
28
44
29
45
30
46
31
32
48
33
49
34
50
35
51
36
52
37
53
38
54
39
55
40
56
41
57
42
58
43
59
44
60
45
61
46
62
47
63
48
64
49
65
50
66
51
67
52
68
53
69
54
70
55
71
56
72
57
58
73
59
74
60
75
61
76
62
77
63
78
64
79
65
80
66
81
67
68
82
69
83
70
84
71
85
72
86
73
87
74
88
75
89
76
90
91
77
92
78
93
79
94
80
95
81
96
82
97
83
98
84
99
85
100
86
101
87
102
88
103
89
104
90
105
91
106
92
107
93
108
94
109
95
96

111
97
112
98
113
99
114
100
115
101
116
102
117
103
118
104
119
105
120
106
121
107
122
108
123
109
124
110
125
111
126
112
127
113
128
114
129
115
130
116
131
117
132
118
133
119
134
120
135
121
136
122
137
123
138
124
139
125
140
141
126
142
127
143
128
144
145
146
129
147
130
148
131
149
132
150
133
151
152
134
153
135
154
136
155
137
156
138
157
139
158
140
159
141
160
142
161
143
162
144
163
145
164
146
165
147
166
148
167
149
168
150
169
151
170
152
171
153
172
154
173
155
174
156
175
157
176
158
177
159
178
160
179
161
180
162
181
163
182
164
183
165
184
166
185
167
186
168
187
169
188
170
189
171
190
172
191
173
192
174
193
175
194
176
195
177
196
178
197
179
198
180
199
181
200
182
201
183
202
184
203
185
204
186
205
187
206
188
207
189
208
190
209
191
210
192
211
193
212
194
213
195
214
196
215
197
216
198
217
199
218
200
219
201
220
202
221
203
222
204
223
205
224
206
225
207
226
208
227
209
228
210
229
211
230
212
231
213
232
214
233
215
234
216
235
217
236
218
237
219
238
220
239
221
240
222
241
223
242
224
243
225
244
226
245
227
246
228
247
229
248
230
249
250
231
232
251
233
252
234
253
235
254
236
255
237
256
257
238
258
239
259
240
260
241
261
242
262
243
263
244
264
245
265
266
246
267
247
268
248
269
249
270
250
271
251
272
252
273
253
274
254
275
255
276
256
277
257
278
258
279
259
280
260
281
261
282
262
263
283
264
284
265
285
266
286
267
287
288
268
289
269
290
270
291
271
272
292
273
293
274
294
275
295
276
296
297
277
278
298
279
299
280
300
281
282
301
283
302
285
303
286
304
287
305
306
288
289
307
290
308
291
309
292
310
293
311
294
312
295
313
314
297
315
298
316
299
317
300
318
301
319
302
320
303
321
304
322
305
323
306
307
324
308
325
326
310
327
311
328
312
313
314
330
315
331
316
332
317
333
318
334
319
335
320
336
321
337
322
338
323
339
324
340
325
341
326
342
327
343
328
329
345
330
331
332
346
333
347
334
348
335
349
336
350
337
351
338
352
353
340
354
341
355
342
356
343
357
344
358
345
359
346
360
347
361
348
362
349
363
350
364
351
365
352
366
353
367
354
368
355
369
356
370
357
371
358
372
359
373
360
374
361
375
362
376
363
377
364
378
365
379
366
380
367
381
368
382
369
383
370
384
371
385
373
386
374
387
375
388
376
389
377
390
378
391
392
380
393
381
394
382
383
395
384
396
385
397
386
398
387
399
388
389
400
390
401
391
402
392
403
393
404
394
405
395
406
396
407
397
408
398
409
399
410
400
411
401
412
402
413
403
414
404
415
405
416
406
407
417
408
418
409
410
419
411
412
420
421
413
414
422
423
415
424
416
425
417
426
418
427
419
428
420
429
421
430
422
431
432
423
433
424
434
435
426
436
427
437
428
438
429
439
430
440
431
441
432
442
433
443
434
444
435
445
436
446
437
447
448
449
440
450
441
451
442
452
443
453
444
454
445
455
446
447
456
448
457
449
458
450
459
451
460
452
461
453
462
463
454
464
455
465
456
466
457
467
458
468
459
469
460
470
461
471
462
472
463
473
464
474
465
475
466
476
467
477
468
478
469
479
470
480
471
481
472
482
473
483
474
484
475
485
476
486
477
488
478
489
490
479
491
480
492
481
493
482
494
483
495
484
496
485
497
486
498
487
499
500
488
489
490
491
492
493
494
495
496
497
498
499
500
1
2
2
3
3
4
4
5
5
6
6
7
7
8
8
9
9
10
10
11
11
12
12
13
13
14
14
15
15
16
16
17
17
18
19
18
19
20
20
21
21
22
22
23
23
24
24
25
25
26
26
27
27
28
28
29
29
30
30
31
31
32
32
33
33
34
34
35
35
36
36
37
37
38
38
39
39
40
40
41
41
42
43
42
44
43
45
44
46
47
45
48
46
49
47
50
48
51
49
52
50
53
51
54
52
55
53
56
54
55
57
56
58
57
59
58
60
59
61
60
62
61
63
62
64
63
65
66
64
65
67
66
68
67
69
68
70
69
71
70
72
71
73
72
74
73
75
74
76
75
77
76
78
77
79
78
80
79
81
80
81
82
82
83
83
84
84
85
86
85
87
86
87
88
88
89
89
90
90
91
91
92
92
93
94
93
95
95
96
96
97
97
98
98
99
100
99
101
100
102
101
103
102
104
103
105
104
106
105
107
106
108
107
109
108
110
109
111
110
112
111
113
112
113
114
114
115
115
116
116
117
117
118
119
118
120
119
121
120
122
121
123
124
122
125
123
126
124
127
128
125
129
126
130
127
128
129
131
130
131
132
132
133
133
134
134
135
135
136
136
137
138
137
139
138
140
139
141
140
142
141
143
142
144
143
145
146
144
147
145
148
146
149
150
147
148
151
149
152
150
153
151
154
152
155
153
156
154
157
155
156
157
158
159
160
161
162
163
164
165
158
166
159
160
168
161
169
163
170
164
165
172
166
174
167
175
168
169
176
170
171
177
178
172
179
173
180
174
175
182
176
177
183
178
184
180
185
181
186
183
187
184
189
185
190
191
186
192
193
187
194
188
189
190
195
191
196
192
197
198
193
199
200
194
195
201
196
197
202
198
203
199
204
200
205
201
206
207
202
203
208
204
209
205
210
206
211
207
208
209
212
210
213
214
215
211
216
212
213
217
218
214
219
220
215
221
216
222
217
218
223
219
220
224
221
225
222
226
227
223
228
229
224
230
225
231
226
232
227
233
228
234
229
235
230
236
231
237
232
238
233
239
234
240
235
241
236
242
237
243
244
238
245
239
246
240
247
241
248
242
243
249
244
250
245
251
246
252
247
248
253
249
254
255
256
250
251
257
252
258
253
259
254
260
255
261
256
262
257
263
258
264
259
265
260
266
261
267
262
268
263
269
264
270
265
271
266
272
267
273
268
274
275
269
276
270
277
271
278
279
272
280
273
281
282
274
283
275
276
284
277
278
279
285
280
286
281
287
288
282
283
289
290
284
285
291
286
293
288
295
289
297
298
290
299
291
300
292
301
302
293
303
294
304
295
305
296
306
297
307
298
308
299
309
300
310
301
311
302
312
303
304
314
305
315
316
306
307
317
308
309
318
319
310
320
321
322
311
323
324
312
313
325
314
326
315
327
316
317
328
318
319
329
320
321
330
322
331
323
332
324
333
325
334
326
335
327
328
336
329
337
338
330
331
339
332
341
342
333
343
334
344
336
337
345
346
338
339
347
340
348
349
341
350
342
351
343
344
345
352
346
347
353
348
354
349
355
350
356
351
357
352
353
358
355
359
356
357
360
358
361
362
359
364
360
361
365
366
362
367
368
363
369
364
365
366
372
373
367
368
374
375
369
376
377
370
371
372
373
378
374
379
375
380
381
382
383
384
385
386
387
388
389
390
376
391
377
392
393
378
394
395
396
380
381
397
382
383
398
384
385
399
386
387
388
389
401
390
391
402
403
392
405
393
406
394
407
395
408
409
396
410
411
397
412
413
398
414
415
399
416
400
417
401
402
403
418
404
405
406
419
420
407
421
408
422
423
409
410
424
425
426
411
412
427
413
428
414
415
429
416
417
430
418
419
420
431
421
432
433
422
434
435
423
424
436
425
426
427
437
428
429
438
439
430
431
440
441
432
433
434
442
435
436
444
445
437
438
446
439
440
447
441
442
448
443
449
450
444
451
445
452
453
446
454
447
448
455
449
456
450
457
451
458
452
459
460
453
461
454
462
463
456
464
457
465
466
459
467
460
468
461
469
462
470
463
471
464
472
465
473
466
474
467
475
468
477
469
470
478
471
479
472
480
473
481
474
475
482
476
483
477
484
478
485
479
486
487
480
481
482
489
483
490
484
491
485
492
486
493
487
494
495
488
496
489
497
490
498
491
499
492
500
493
494
495
496
497
498
499
500
-1
-2
-1
-3
-2
-4
-3
-5
-4
-6
-7
-5
-8
-6
-7
-9
-8
-10
-9
-11
-12
-10
-13
-11
-14
-12
-15
-13
-16
-14
-17
-15
-18
-16
-19
-17
-20
-18
-21
-19
-22
-20
-23
-21
-24
-22
-23
-25
-24
-26
-25
-27
-26
-28
-27
-29
-28
-30
-31
-32
-33
-29
-30
-34
-31
-32
-36
-33
-37
-34
-38
-35
-39
-36
-40
-37
-41
-38
-42
-39
-43
-40
-41
-42
-44
-43
-45
-44
-46
-47
-45
-48
-46
-49
-48
-50
-49
-51
-50
-51
-52
-53
-52
-53
-54
-54
-55
-55
-56
-56
-57
-57
-58
-58
-59
-59
-60
-61
-60
-62
-61
-63
-64
-62
-65
-63
-66
-64
-67
-66
-68
-67
-69
-68
-70
-69
-70
-71
-71
-72
-72
-73
-74
-73
-75
-74
-76
-77
-78
-76
-79
-77
-80
-81
-82
-78
-83
-84
-79
-85
-86
-80
-87
-81
-88
-82
-89
-83
-84
-90
-85
-91
-92
-86
-93
-87
-94
-88
-95
-96
-97
-89
-98
-90
-99
-100
-91
-101
-92
-102
-93
-103
-94
-104
-95
-105
-96
-106
-97
-107
-98
-99
-108
-100
-109
-110
-101
-111
-102
-112
-113
-103
-114
-104
-115
-105
-116
-106
-117
-107
-108
-118
-109
-119
-110
-120
-111
-121
-112
-122
-113
-123
-114
-124
-115
-125
-116
-126
-117
-118
-127
-119
-128
-120
-129
-121
-130
-122
-131
-123
-124
-132
-126
-127
-133
-134
-135
-128
-136
-129
-137
-130
-138
-131
-139
-132
-140
-133
-134
-141
-135
-142
-136
-143
-137
-138
-144
-139
-145
-140
-146
-141
-147
-142
-143
-148
-144
-149
-145
-150
-146
-151
-147
-148
-153
-149
-154
-150
-155
-151
-156
-152
-157
-158
-153
-159
-154
-160
-161
-155
-162
-156
-163
-157
-164
-158
-165
-159
-166
-160
-167
-161
-168
-162
-169
-163
-170
-164
-172
-165
-173
-166
-174
-167
-175
-168
-176
-169
-177
-170
-178
-171
-179
-172
-180
-173
-174
-181
-175
-182
-176
-183
-177
-184
-178
-185
-180
-186
-187
-181
-188
-182
-189
-183
-190
-184
-185
-186
-191
-187
-192
-188
-189
-193
-190
-194
-191
-195
-192
-196
-193
-197
-198
-199
-194
-195
-200
-201
-196
-197
-202
-198
-199
-203
-201
-204
-205
-202
-206
-203
-207
-204
-208
-205
-209
-206
-210
-207
-208
-211
-209
-212
-210
-213
-211
-212
-213
-215
-214
-216
-217
-215
-218
-216
-217
-219
-218
-220
-219
-221
-222
-220
-223
-221
-224
-222
-225
-226
-223
-224
-228
-225
-229
-226
-227
-228
-231
-229
-230
-232
-233
-231
-234
-235
-232
-236
-233
-237
-234
-238
-235
-236
-237
-239
-238
-240
-240
-241
-241
-242
-242
-243
-243
-244
-244
-245
-245
-246
-246
-247
-247
-248
-248
-249
-250
-249
-250
-251
-251
-252
-252
-253
-254
-255
-253
-256
-254
-257
-258
-255
-259
-256
-257
-260
-258
-261
-259
-262
-263
-260
-264
-261
-265
-262
-266
-263
-267
-264
-265
-268
-266
-269
-267
-270
-268
-269
-271
-270
-271
-274
-272
-275
-273
-276
-274
-277
-278
-275
-279
-276
-280
-277
-281
-278
-282
-279
-283
-280
-284
-281
-282
-285
-283
-286
-284
-287
-285
-288
-286
-289
-287
-290
-288
-291
-289
-292
-290
-293
-291
-294
-292
-295
-293
-296
-294
-297
-295
-298
-296
-299
-300
-297
-301
-298
-302
-299
-303
-300
-304
-301
-305
-302
-306
-303
-307
-304
-308
-305
-309
-306
-310
-307
-311
-308
-312
-309
-313
-310
-314
-311
-315
-312
-316
-313
-317
-314
-318
-315
-319
-316
-317
-321
-322
-318
-323
-319
-324
-320
-325
-321
-326
-327
-322
-328
-323
-329
-324
-325
-330
-326
-331
-332
-328
-333
-329
-334
-330
-335
-331
-336
-332
-337
-333
-338
-334
-339
-335
-340
-336
-341
-337
-342
-338
-343
-339
-344
-340
-345
-341
-346
-342
-347
-343
-348
-344
-349
-345
-350
-346
-351
-347
-352
-348
-353
-349
-354
-350
-355
-351
-356
-357
-352
-358
-353
-359
-354
-360
-355
-361
-356
-362
-357
-363
-358
-364
-359
-365
-360
-366
-367
-361
-368
-362
-369
-363
-370
-364
-371
-365
-372
-366
-373
-367
-374
-368
-375
-369
-376
-370
-377
-371
-378
-372
-379
-373
-380
-374
-381
-375
-382
-376
-383
-377
-384
-378
-385
-379
-386
-380
-387
-381
-388
-382
-389
-383
-390
-384
-391
-385
-392
-386
-393
-387
-394
-388
-395
-389
-396
-390
-397
-391
-398
-392
-399
-393
-400
-394
-401
-395
-402
-396
-403
-397
-404
-398
-405
-399
-406
-400
-407
-401
-408
-402
-409
-403
-410
-404
-411
-405
-412
-406
-413
-407
-414
-415
-408
-416
-409
-417
-410
-418
-411
-419
-412
-420
-413
-421
-414
-422
-415
-423
-416
-424
-417
-425
-418
-426
-419
-427
-420
-428
-421
-429
-422
-430
-423
-431
-424
-432
-425
-433
-426
-434
-427
-435
-428
-436
-429
-437
-430
-438
-431
-439
-432
-440
-433
-441
-434
-442
-435
-443
-436
-444
-437
-438
-445
-439
-440
-446
-441
-447
-442
-443
-448
-444
-449
-445
-450
-446
-451
-447
-452
-448
-453
-449
-454
-450
-455
-451
-456
-452
-457
-453
-458
-454
-459
-455
-460
-456
-461
-457
-462
-458
-463
-459
-464
-460
-465
-461
-466
-462
-467
-463
-468
-464
-469
-465
-470
-471
-466
-472
-467
-473
-468
-474
-469
-475
-470
-476
-471
-477
-472
-478
-473
-479
-474
-480
-475
-481
-476
-482
-477
-483
-478
-484
-479
-485
-480
-486
-481
-487
-488
-482
-489
-483
-490
-484
-491
-485
-492
-486
-493
-487
-494
-488
-495
-489
-496
-490
-491
-497
-492
-498
-493
-499
-494
-500
-495
1
-496
2
-497
3
-498
4
-499
5
-500
6
7
8
9
10
11
12
13
14
15
16
17
18
19
20
21
22
23
24
25
26
27
28
29
30
31
32
33
34
35
36
37
38
39
40
41
42
43
44
45
46
47
48
49
50
51
52
53
54
55
56
57
58
59
60
61
62
63
64
65
66
67
68
69
70
71
72
73
74
75
76
77
78
79
80
81
82
83
84
85
86
87
88
89
90
91
92
93
94
95
96
97
98
99
100
101
102
103
104
105
106
107
108
109
110
111
112
113
114
115
116
117
118
119
120
121
122
123
124
125
126
127
128
129
130
131
132
133
134
135
136
137
138
139
140
141
142
143
144
145
146
147
148
149
150
151
152
153
154
155
156
157
158
159
160
161
162
163
164
165
166
167
168
169
170
171
172
173
174
175
176
177
178
179
180
181
182
183
184
185
186
187
188
189
190
191
192
193
194
195
196
197
198
199
200
201
202
203
204
205
206
207
208
209
210
211
212
213
214
215
216
217
218
219
220
221
222
223
224
225
226
227
228
229
230
231
232
233
234
235
236
237
238
239
240
241
242
243
244
245
246
247
248
249
250
251
252
253
254
255
256
257
258
259
260
261
262
263
264
265
266
267
268
269
270
271
272
273
274
275
276
277
278
279
280
281
282
283
284
285
286
287
288
289
290
291
292
293
294
295
296
297
298
299
300
301
302
303
304
305
306
307
308
309
310
311
312
313
314
315
316
317
318
319
320
321
322
323
324
325
326
327
328
329
330
331
332
333
334
335
336
337
338
339
340
341
342
343
344
345
346
347
348
349
350
351
352
353
354
355
356
357
358
359
360
361
362
363
364
365
366
367
368
369
370
371
372
373
374
375
376
377
378
379
380
381
382
383
384
385
386
387
388
389
390
391
392
393
394
395
396
397
398
399
400
401
402
403
404
405
406
407
408
409
410
411
412
413
414
415
416
417
418
419
420
421
422
423
424
425
426
427
428
429
430
431
432
433
434
435
436
437
438
439
440
441
442
443
444
445
446
447
448
449
450
451
452
453
454
455
456
457
458
459
460
461
462
463
464
465
466
467
468
469
470
471
472
473
474
475
476
477
478
479
480
481
482
483
484
485
486
487
488
489
490
491
492
493
494
495
496
497
498
499
500
-1
-2
-3
-4
-5
-6
-7
-8
-9
-10
-11
-12
-13
-14
-15
-16
-17
-18
-19
-20
-21
-22
-23
-24
-25
-26
-27
-28
-29
-30
-31
-32
-33
-34
-35
-36
-37
-38
-39
-40
-41
-42
-43
-44
-45
-46
-47
-48
-49
-50
-51
-52
-53
-54
-55
-56
-57
-58
-59
-60
-61
-62
-63
-64
-65
-66
-67
-68
-69
-70
-71
-72
-73
-74
-75
-76
-77
-78
-79
-80
-81
-82
-83
-84
-85
-86
-87
-88
-89
-90
-91
-92
-93
-94
-95
-96
-97
-98
-99
-100
-101
-102
-103
-104
-105
-106
-107
-108
-109
-110
-111
-112
-113
-114
-115
-116
-117
-118
-119
-120
-121
-122
-123
-124
-125
-126
-127
-128
-129
-130
-131
-132
-133
-134
-135
-136
-137
-138
-139
-140
-141
-142
-143
-144
-145
-146
-147
-148
-149
-150
-151
-152
-153
-154
-155
-156
-157
-158
-159
-160
-161
-162
-163
-164
-165
-166
-167
-168
-169
-170
-171
-172
-173
-174
-175
-176
-177
-178
-179
-180
-181
-182
-183
-184
-185
-186
-187
-188
-189
-190
-191
-192
-193
-194
-195
-196
-197
-198
-199
-200
-201
-202
-203
-204
-205
-206
-207
-208
-209
-210
-211
-212
-213
-214
-215
-216
-217
-218
-219
-220
-221
-222
-223
-224
-225
-226
-227
-228
-229
-230
-231
-232
-233
-234
-235
-236
-237
-238
-239
-240
-241
-242
-243
-244
-245
-246
-247
-248
-249
-250
-251
-252
-253
-254
-255
-256
-257
-258
-259
-260
-261
-262
-263
-264
-265
-266
-267
-268
-269
-270
-271
-272
-273
-274
-275
-276
-277
-278
-279
-280
-281
-282
-283
-284
-285
-286
-287
-288
-289
-290
-291
-292
-293
-294
-295
-296
-297
-298
-299
-300
-301
-302
-303
-304
-305
-306
-307
-308
-309
-310
-311
-312
-313
-314
-315
-316
-317
-318
-319
-320
-321
-322
-323
-324
-325
-326
-327
-328
-329
-330
-331
-332
-333
-334
-335
-336
-337
-338
-339
-340
-341
-342
-343
-344
-345
-346
-347
-348
-349
-350
-351
-352
-353
-354
-355
-356
-357
-358
-359
-360
-361
-362
-363
-364
-365
-366
-367
-368
-369
-370
-371
-372
-373
-374
-375
-376
-377
-378
-379
-380
-381
-382
-383
-384
-385
-386
-387
-388
-389
-390
-391
-392
-393
-394
-395
-396
-397
-398
-399
-400
-401
-402
-403
-404
-405
-406
-407
-408
-409
-410
-411
-412
-413
-414
-415
-416
-417
-418
-419
-420
-421
-422
-423
-424
-425
-426
-427
-428
-429
-430
-431
-432
-433
-434
-435
-436
-437
-438
-439
-440
-441
-442
-443
-444
-445
-446
-447
-448
-449
-450
-451
-452
-453
-454
-455
-456
-457
-458
-459
-460
-461
-462
-463
-464
-465
-466
-467
-468
-469
-470
-471
-472
-473
-474
-475
-476
-477
-478
-479
-480
-481
-482
-483
-484
-485
-486
-487
-488
-489
-490
-491
-492
-493
-494
-495
-496
-497
-498
-499
-500
-1
-2
-3
-4
-5
-6
-7
-8
-9
-10
-11
-12
-13
-14
-15
-16
-17
-18
-19
-20
-21
-22
-23
-24
-25
-26
-27
-28
-29
-30
-31
-32
-33
-34
-35
-36
-37
-38
-39
-40
-41
-42
-43
-44
-45
-46
-47
-48
-49
-50
-51
-52
-53
-54
-55
-56
-57
-58
-59
-60
-61
-62
-63
-64
-65
-66
-67
-68
-69
-70
-71
-72
-73
-74
-75
-76
-77
-78
-79
-80
-81
-82
-83
-84
-85
-86
-87
-88
-89
-90
-91
-92
-93
-94
-95
-96
-97
-98
-99
-100
-101
-102
-103
-104
-105
-106
-107
-108
-109
-110
-111
-112
-113
-114
-115
-116
-117
-118
-119
-120
-121
-122
-123
-124
-125
-126
-127
-128
-129
-130
-131
-132
-133
-134
-135
-136
-137
-138
-139
-140
-141
-142
-143
-144
-145
-146
-147
-148
-149
-150
-151
-152
-153
-154
-155
-156
-157
-158
-159
-160
-161
-162
-163
-164
-165
-166
-167
-168
-169
-170
-171
-172
-173
-174
-175
-176
-177
-178
-179
-180
-181
-182
-183
-184
-185
-186
-187
-188
-189
-190
-191
-192
-193
-194
-195
-196
-197
-198
-199
-200
-201
-202
-203
-204
-205
-206
-207
-208
-209
-210
-211
-212
-213
-214
-215
-216
-217
-218
-219
-220
-221
-222
-223
-224
-225
-226
-227
-228
-229
-230
-231
-232
-233
-234
-235
-236
-237
-238
-239
-240
-241
-242
-243
-244
-245
-246
-247
-248
-249
-250
-251
-252
-253
-254
-255
-256
-257
-258
-259
-260
-261
-262
-263
-264
-265
-266
-267
-268
-269
-270
-271
-272
-273
-274
-275
-276
-277
-278
-279
-280
-281
-282
-283
-284
-285
-286
-287
-288
-289
-290
-291
-292
-293
-294
-295
-296
-297
-298
-299
-300
-301
-302
-303
-304
-305
-306
-307
-308
-309
-310
-311
-312
-313
-314
-315
-316
-317
-318
-319
-320
-321
-322
-323
-324
-325
-326
-327
-328
-329
-330
-331
-332
-333
-334
-335
-336
-337
-338
-339
-340
-341
-342
-343
-344
-345
-346
-347
-348
-349
-350
-351
-352
-353
-354
-355
-356
-357
-358
-359
-360
-361
-362
-363
-364
-365
-366
-367
-368
-369
-370
-371
-372
-373
-374
-375
-376
-377
-378
-379
-380
-381
-382
-383
-384
-385
-386
-387
-388
-389
-390
-391
-392
-393
-394
-395
-396
-397
-398
-399
-400
-401
-402
-403
-404
-405
-406
-407
-408
-409
-410
-411
-412
-413
-414
-415
-416
-417
-418
-419
-420
-421
-422
-423
-424
-425
-426
-427
-428
-429
-430
-431
-432
-433
-434
-435
-436
-437
-438
-439
-440
-441
-442
-443
-444
-445
-446
-447
-448
-449
-450
-451
-452
-453
-454
-455
-456
-457
-458
-459
-460
-461
-462
-463
-464
-465
-466
-467
-468
-469
-470
-471
-472
-473
-474
-475
-476
-477
-478
-479
-480
-481
-482
-483
-484
-485
-486
-487
-488
-489
-490
-491
-492
-493
-494
-495
-496
-497
-498
-499
-500
1
2
3
4
5
6
7
8
9
10
11
12
13
14
15
16
17
18
19
20
21
22
23
24
25
26
27
28
29
30
31
32
33
34
35
36
37
38
39
40
41
42
43
44
45
46
47
48
49
50
51
52
53
54
55
56
57
58
59
60
61
62
63
64
65
66
67
68
69
70
71
72
73
74
75
76
77
78
79
80
81
82
83
84
85
86
87
88
89
90
91
92
93
94
95
96
97
98
99
100
101
102
103
104
105
106
107
108
109
110
111
112
113
114
115
116
117
118
119
120
121
122
123
124
125
126
127
128
129
130
131
132
133
134
135
136
137
138
139
140
141
142
143
144
145
146
147
148
149
150
151
152
153
154
155
156
157
158
159
160
161
162
163
164
165
166
167
168
169
170
171
172
173
174
175
176
177
178
179
180
181
182
183
184
185
186
187
188
189
190
191
192
193
194
195
196
197
198
199
200
201
202
203
204
205
206
207
208
209
210
211
212
213
214
215
216
217
218
219
220
221
222
223
224
225
226
227
228
229
230
231
232
233
234
235
236
237
238
239
240
241
242
243
244
245
246
247
248
249
250
251
252
253
254
255
256
257
258
259
260
261
262
263
264
265
266
267
268
269
270
271
272
273
274
275
276
277
278
279
280
281
282
283
284
285
286
287
288
289
290
291
292
293
294
295
296
297
298
299
300
301
302
303
304
305
306
307
308
309
310
311
312
313
314
315
316
317
318
319
320
321
322
323
324
325
326
327
328
329
330
331
332
333
334
335
336
337
338
339
340
341
342
343
344
345
346
347
348
349
350
351
352
353
354
355
356
357
358
359
360
361
362
363
364
365
366
367
368
369
370
371
372
373
374
375
376
377
378
379
380
381
382
383
384
385
386
387
388
389
390
391
392
393
394
395
396
397
398
399
400
401
402
403
404
405
406
407
408
409
410
411
412
413
414
415
416
417
418
419
420
421
422
423
424
425
426
427
428
429
430
431
432
433
434
435
436
437
438
439
440
441
442
443
444
445
446
447
448
449
450
451
452
453
454
455
456
457
458
459
460
461
462
463
464
465
466
467
468
469
470
471
472
473
474
475
476
477
478
479
480
481
482
483
484
485
486
487
488
489
490
491
492
493
494
495
496
497
498
499
500
1
2
3
4
5
6
7
8
9
10
11
12
13
14
15
16
17
18
19
20
21
22
23
24
25
26
27
28
29
30
31
32
33
34
35
36
37
38
39
40
41
42
43
44
45
46
47
48
49
50
51
52
53
54
55
56
57
58
59
60
61
62
63
64
65
66
67
68
69
70
71
72
73
74
75
76
77
78
79
80
81
82
83
84
85
86
87
88
89
90
91
92
93
94
95
96
97
98
99
100
101
102
103
104
105
106
107
108
109
110
111
112
113
114
115
116
117
118
119
120
121
122
123
124
125
126
127
128
129
130
131
132
133
134
135
136
137
138
139
140
141
142
143
144
145
146
147
148
149
150
151
152
153
154
155
156
157
158
159
160
161
162
163
164
165
166
167
168
169
170
171
172
173
174
175
176
177
178
179
180
181
182
183
184
185
186
187
188
189
190
191
192
193
194
195
196
197
198
199
200
201
202
203
204
205
206
207
208
209
210
211
212
213
214
215
216
217
218
219
220
221
222
223
224
225
226
227
228
229
230
231
232
233
234
235
236
237
238
239
240
241
242
243
244
245
246
247
248
249
250
251
252
253
254
255
256
257
258
259
260
261
262
263
264
265
266
267
268
269
270
271
272
273
274
275
276
277
278
279
280
281
282
283
284
285
286
287
288
289
290
291
292
293
294
295
296
297
298
299
300
301
302
303
304
305
306
307
308
309
310
311
312
313
314
315
316
317
318
319
320
321
322
323
324
325
326
327
328
329
330
331
332
333
334
335
336
337
338
339
340
341
342
343
344
345
346
347
348
349
350
351
352
353
354
355
356
357
358
359
360
361
362
363
364
365
366
367
368
369
370
371
372
373
374
375
376
377
378
379
380
381
382
383
384
385
386
387
388
389
390
391
392
393
394
395
396
397
398
399
400
401
402
403
404
405
406
407
408
409
410
411
412
413
414
415
416
417
418
419
420
421
422
423
424
425
426
427
428
429
430
431
432
433
434
435
436
437
438
439
440
441
442
443
444
445
446
447
448
449
450
451
452
453
454
455
456
457
458
459
460
461
462
463
464
465
466
467
468
469
470
471
472
473
474
475
476
477
478
479
480
481
482
483
484
485
486
487
488
489
490
491
492
493
494
495
496
497
498
499
500
-1
-2
-3
-4
-5
-6
-7
-8
-9
-10
-11
-12
-13
-14
-15
-16
-17
-18
-19
-20
-21
-22
-23
-24
-25
-26
-27
-28
-29
-30
-31
-32
-33
-34
-35
-36
-37
-38
-39
-40
-41
-42
-43
-44
-45
-46
-47
-48
-49
-50
-51
-52
-53
-54
-55
-56
-57
-58
-59
-60
-61
-62
-63
-64
-65
-66
-67
-68
-69
-70
-71
-72
-73
-74
-75
-76
-77
-78
-79
-80
-81
-82
-83
-84
-85
-86
-87
-88
-89
-90
-91
-92
-93
-94
-95
-96
-97
-98
-99
-100
-101
-102
-103
-104
-105
-106
-107
-108
-109
-110
-111
-112
-113
-114
-115
-116
-117
-118
-119
-120
-121
-122
-123
-124
-125
-126
-127
-128
-129
-130
-131
-132
-133
-134
-135
-136
-137
-138
-139
-140
-141
-142
-143
-144
-145
-146
-147
-148
-149
-150
-151
-152
-153
-154
-155
-156
-157
-158
-159
-160
-161
-162
-163
-164
-165
-166
-167
-168
-169
-170
-171
-172
-173
-174
-175
-176
-177
-178
-179
-180
-181
-182
-183
-184
-185
-186
-187
-188
-189
-190
-191
-192
-193
-194
-195
-196
-197
-198
-199
-200
-201
-202
-203
-204
-205
-206
-207
-208
-209
-210
-211
-212
-213
-214
-215
-216
-217
-218
-219
-220
-221
-222
-223
-224
-225
-226
-227
-228
-229
-230
-231
-232
-233
-234
-235
-236
-237
-238
-239
-240
-241
-242
-243
-244
-245
-246
-247
-248
-249
-250
-251
-252
-253
-254
-255
-256
-257
-258
-259
-260
-261
-262
-263
-264
-265
-266
-267
-268
-269
-270
-271
-272
-273
-274
-275
-276
-277
-278
-279
-280
-281
-282
-283
-284
-285
-286
-287
-288
-289
-290
-291
-292
-293
-294
-295
-296
-297
-298
-299
-300
-301
-302
-303
-304
-305
-306
-307
-308
-309
-310
-311
-312
-313
-314
-315
-316
-317
-318
-319
-320
-321
-322
-323
-324
-325
-326
-327
-328
-329
-330
-331
-332
-333
-334
-335
-336
-337
-338
-339
-340
-341
-342
-343
-344
-345
-346
-347
-348
-349
-350
-351
-352
-353
-354
-355
-356
-357
-358
-359
-360
-361
-362
-363
-364
-365
-366
-367
-368
-369
-370
-371
-372
-373
-374
-375
-376
-377
-378
-379
-380
-381
-382
-383
-384
-385
-386
-387
-388
-389
-390
-391
-392
-393
-394
-395
-396
-397
-398
-399
-400
-401
-402
-403
-404
-405
-406
-407
-408
-409
-410
-411
-412
-413
-414
-415
-416
-417
-418
-419
-420
-421
-422
-423
-424
-425
-426
-427
-428
-429
-430
-431
-432
-433
-434
-435
-436
-437
-438
-439
-440
-441
-442
-443
-444
-445
-446
-447
-448
-449
-450
-451
-452
-453
-454
-455
-456
-457
-458
-459
-460
-461
-462
-463
-464
-465
-466
-467
-468
-469
-470
-471
-472
-473
-474
-475
-476
-477
-478
-479
-480
-481
-482
-483
-484
-485
-486
-487
-488
-489
-490
-491
-492
-493
-494
-495
-496
-497
-498
-499
-500
1
2
3
4
5
6
7
8
9
10
11
12
13
14
15
16
17
18
19
20
21
22
23
24
25
26
27
28
29
30
31
32
33
34
35
36
37
38
39
40
41
42
43
44
45
46
47
48
49
50
51
52
53
54
55
56
57
58
59
60
61
62
63
64
65
66
67
68
69
70
71
72
73
74
75
76
77
78
79
80
81
82
83
84
85
86
87
88
89
90
91
92
93
94
95
96
97
98
99
100
101
102
103
104
105
106
107
108
109
110
111
112
113
114
115
116
117
118
119
120
121
122
123
124
125
126
127
128
129
130
131
132
133
134
135
136
137
138
139
140
141
142
143
144
145
146
147
148
149
150
151
152
153
154
155
156
157
158
159
160
161
162
163
164
165
166
167
168
169
170
171
172
173
174
175
176
177
178
179
180
181
182
183
184
185
186
187
188
189
190
191
192
193
194
195
196
197
198
199
200
201
202
203
204
205
206
207
208
209
210
211
212
213
214
215
216
217
218
219
220
221
222
223
224
225
226
227
228
229
230
231
232
233
234
235
236
237
238
239
240
241
242
243
244
245
246
247
248
249
250
251
252
253
254
255
256
257
258
259
260
261
262
263
264
265
266
267
268
269
270
271
272
273
274
275
276
277
278
279
280
281
282
283
284
285
286
287
288
289
290
291
292
293
294
295
296
297
298
299
300
301
302
303
304
305
306
307
308
309
310
311
312
313
314
315
316
317
318
319
320
321
322
323
324
325
326
327
328
329
330
331
332
333
334
335
336
337
338
339
340
341
342
343
344
345
346
347
348
349
350
351
352
353
354
355
356
357
358
359
360
361
362
363
364
365
366
367
368
369
370
371
372
373
374
375
376
377
378
379
380
381
382
383
384
385
386
387
388
389
390
391
392
393
394
395
396
397
398
399
400
401
402
403
404
405
406
407
408
409
410
411
412
413
414
415
416
417
418
419
420
421
422
423
424
425
426
427
428
429
430
431
432
433
434
435
436
437
438
439
440
441
442
443
444
445
446
447
448
449
450
451
452
453
454
455
456
457
458
459
460
461
462
463
464
465
466
467
468
469
470
471
472
473
474
475
476
477
478
479
480
481
482
483
484
485
486
487
488
489
490
491
492
493
494
495
496
497
498
499
500
-1
-2
-3
-4
-5
-6
-7
-8
-9
-10
-11
-12
-13
-14
-15
-16
-17
-18
-19
-20
-21
-22
-23
-24
-25
-26
-27
-28
-29
-30
-31
-32
-33
-34
-35
-36
-37
-38
-39
-40
-41
-42
-43
-44
-45
-46
-47
-48
-49
-50
-51
-52
-53
-54
-55
-56
-57
-58
-59
-60
-61
-62
-63
-64
-65
-66
-67
-68
-69
-70
-71
-72
-73
-74
-75
-76
-77
-78
-79
-80
-81
-82
-83
-84
-85
-86
-87
-88
-89
-90
-91
-92
-93
-94
-95
-96
-97
-98
-99
-100
-101
-102
-103
-104
-105
-106
-107
-108
-109
-110
-111
-112
-113
-114
-115
-116
-117
-118
-119
-120
-121
-122
-123
-124
-125
-126
-127
-128
-129
-130
-131
-132
-133
-134
-135
-136
-137
-138
-139
-140
-141
-142
-143
-144
-145
-146
-147
-148
-149
-150
-151
-152
-153
-154
-155
-156
-157
-158
-159
-160
-161
-162
-163
-164
-165
-166
-167
-168
-169
-170
-171
-172
-173
-174
-175
-176
-177
-178
-179
-180
-181
-182
-183
-184
-185
-186
-187
-188
-189
-190
-191
-192
-193
-194
-195
-196
-197
-198
-199
-200
-201
-202
-203
-204
-205
-206
-207
-208
-209
-210
-211
-212
-213
-214
-215
-216
-217
-218
-219
-220
-221
-222
-223
-224
-225
-226
-227
-228
-229
-230
-231
-232
-233
-234
-235
-236
-237
-238
-239
-240
-241
-242
-243
-244
-245
-246
-247
-248
-249
-250
-251
-252
-253
-254
-255
-256
-257
-258
-259
-260
-261
-262
-263
-264
-265
-266
-267
-268
-269
-270
-271
-272
-273
-274
-275
-276
-277
-278
-279
-280
-281
-282
-283
-284
-285
-286
-287
-288
-289
-290
-291
-292
-293
-294
-295
-296
-297
-298
-299
-300
-301
-302
-303
-304
-305
-306
-307
-308
-309
-310
-311
-312
-313
-314
-315
-316
-317
-318
-319
-320
-321
-322
-323
-324
-325
-326
-327
-328
-329
-330
-331
-332
-333
-334
-335
-336
-337
-338
-339
-340
-341
-342
-343
-344
-345
-346
-347
-348
-349
-350
-351
-352
-353
-354
-355
-356
-357
-358
-359
-360
-361
-362
-363
-364
-365
-366
-367
-368
-369
-370
-371
-372
-373
-374
-375
-376
-377
-378
-379
-380
-381
-382
-383
-384
-385
-386
-387
-388
-389
-390
-391
-392
-393
-394
-395
-396
-397
-398
-399
-400
-401
-402
-403
-404
-405
-406
-407
-408
-409
-410
-411
-412
-413
-414
-415
-416
-417
-418
-419
-420
-421
-422
-423
-424
-425
-426
-427
-428
-429
-430
-431
-432
-433
-434
-435
-436
-437
-438
-439
-440
-441
-442
-443
-444
-445
-446
-447
-448
-449
-450
-451
-452
-453
-454
-455
-456
-457
-458
-459
-460
-461
-462
-463
-464
-465
-466
-467
-468
-469
-470
-471
-472
-473
-474
-475
-476
-477
-478
-479
-480
-481
-482
-483
-484
-485
-486
-487
-488
-489
-490
-491
-492
-493
-494
-495
-496
-497
-498
-499
-500
-1
-2
-3
-4
-5
-6
-7
-8
-9
-10
-11
-12
-13
-14
-15
-16
-17
-18
-19
-20
-21
-22
-23
-24
-25
-26
-27
-28
-29
-30
-31
-32
-33
-34
-35
-36
-37
-38
-39
-40
-41
-42
-43
-44
-45
-46
-47
-48
-49
-50
-51
-52
-53
-54
-55
-56
-57
-58
-59
-60
-61
-62
-63
-64
-65
-66
-67
-68
-69
-70
-71
-72
-73
-74
-75
-76
-77
-78
-79
-80
-81
-82
-83
-84
-85
-86
-87
-88
-89
-90
-91
-92
-93
-94
-95
-96
-97
-98
-99
-100
-101
-102
-103
-104
-105
-106
-107
-108
-109
-110
-111
-112
-113
-114
-115
-116
-117
-118
-119
-120
-121
-122
-123
-124
-125
-126
-127
-128
-129
-130
-131
-132
-133
-134
-135
-136
-137
-138
-139
-140
-141
-142
-143
-144
-145
-146
-147
-148
-149
-150
-151
-152
-153
-154
-155
-156
-157
-158
-159
-160
-161
-162
-163
-164
-165
-166
-167
-168
-169
-170
-171
-172
-173
-174
-175
-176
-177
-178
-179
-180
-181
-182
-183
-184
-185
-186
-187
-188
-189
-190
-191
-192
-193
-194
-195
-196
-197
-198
-199
-200
-201
-202
-203
-204
-205
-206
-207
-208
-209
-210
-211
-212
-213
-214
-215
-216
-217
-218
-219
-220
-221
-222
-223
-224
-225
-226
-227
-228
-229
-230
-231
-232
-233
-234
-235
-236
-237
-238
-239
-240
-241
-242
-243
-244
-245
-246
-247
-248
-249
-250
-251
-252
-253
-254
-255
-256
-257
-258
-259
-260
-261
-262
-263
-264
-265
-266
-267
-268
-269
-270
-271
-272
-273
-274
-275
-276
-277
-278
-279
-280
-281
-282
-283
-284
-285
-286
-287
-288
-289
-290
-291
-292
-293
-294
-295
-296
-297
-298
-299
-300
-301
-302
-303
-304
-305
-306
-307
-308
-309
-310
-311
-312
-313
-314
-315
-316
-317
-318
-319
-320
-321
-322
-323
-324
-325
-326
-327
-328
-329
-330
-331
-332
-333
-334
-335
-336
-337
-338
-339
-340
-341
-342
-343
-344
-345
-346
-347
-348
-349
-350
-351
-352
-353
-354
-355
-356
-357
-358
-359
-360
-361
-362
-363
-364
-365
-366
-367
-368
-369
-370
-371
-372
-373
-374
-375
-376
-377
-378
-379
-380
-381
-382
-383
-384
-385
-386
-387
-388
-389
-390
-391
-392
-393
-394
-395
-396
-397
-398
-399
-400
-401
-402
-403
-404
-405
-406
-407
-408
-409
-410
-411
-412
-413
-414
-415
-416
-417
-418
-419
-420
-421
-422
-423
-424
-425
-426
-427
-428
-429
-430
-431
-432
-433
-434
-435
-436
-437
-438
-439
-440
-441
-442
-443
-444
-445
-446
-447
-448
-449
-450
-451
-452
-453
-454
-455
-456
-457
-458
-459
-460
-461
-462
-463
-464
-465
-466
-467
-468
-469
-470
-471
-472
-473
-474
-475
-476
-477
-478
-479
-480
-481
-482
-483
-484
-485
-486
-487
-488
-489
-490
-491
-492
-493
-494
-495
-496
-497
-498
-499
-500
-1
-2
-3
-4
-5
-6
-7
-8
-9
-10
-11
-12
-13
-14
-15
-16
-17
-18
-19
-20
-21
-22
-23
-24
-25
-26
-27
-28
-29
-30
-31
-32
-33
-34
-35
-36
-37
-38
-39
-40
-41
-42
-43
-44
-45
-46
-47
-48
-49
-50
-51
-52
-53
-54
-55
-56
-57
-58
-59
-60
-61
-62
-63
-64
-65
-66
-67
-68
-69
-70
-71
-72
-73
-74
-75
-76
-77
-78
-79
-80
-81
-82
-83
-84
-85
-86
-87
-88
-89
-90
-91
-92
-93
-94
-95
-96
-97
-98
-99
-100
-101
-102
-103
-104
-105
-106
-107
-108
-109
-110
-111
-112
-113
-114
-115
-116
-117
-118
-119
-120
-121
-122
-123
-124
-125
-126
-127
-128
-129
-130
-131
-132
-133
-134
-135
-136
-137
-138
-139
-140
-141
-142
-143
-144
-145
-146
-147
-148
-149
-150
-151
-152
-153
-154
-155
-156
-157
-158
-159
-160
-161
-162
-163
-164
-165
-166
-167
-168
-169
-170
-171
-172
-173
-174
-175
-176
-177
-178
-179
-180
-181
-182
-183
-184
-185
-186
-187
-188
-189
-190
-191
-192
-193
-194
-195
-196
-197
-198
-199
-200
-201
-202
-203
-204
-205
-206
-207
-208
-209
-210
-211
-212
-213
-214
-215
-216
-217
-218
-219
-220
-221
-222
-223
-224
-225
-226
-227
-228
-229
-230
-231
-232
-233
-234
-235
-236
-237
-238
-239
-240
-241
-242
-243
-244
-245
-246
-247
-248
-249
-250
-251
-252
-253
-254
-255
-256
-257
-258
-259
-260
-261
-262
-263
-264
-265
-266
-267
-268
-269
-270
-271
-272
-273
-274
-275
-276
-277
-278
-279
-280
-281
-282
-283
-284
-285
-286
-287
-288
-289
-290
-291
-292
-293
-294
-295
-296
-297
-298
-299
-300
-301
-302
-303
-304
-305
-306
-307
-308
-309
-310
-311
-312
-313
-314
-315
-316
-317
-318
-319
-320
-321
-322
-323
-324
-325
-326
-327
-328
-329
-330
-331
-332
-333
-334
-335
-336
-337
-338
-339
-340
-341
-342
-343
-344
-345
-346
-347
-348
-349
-350
-351
-352
-353
-354
-355
-356
-357
-358
-359
-360
-361
-362
-363
-364
-365
-366
-367
-368
-369
-370
-371
-372
-373
-374
-375
-376
-377
-378
-379
-380
-381
-382
-383
-384
-385
-386
-387
-388
-389
-390
-391
-392
-393
-394
-395
-396
-397
-398
-399
-400
-401
-402
-403
-404
-405
-406
-407
-408
-409
-410
-411
-412
-413
-414
-415
-416
-417
-418
-419
-420
-421
-422
-423
-424
-425
-426
-427
-428
-429
-430
-431
-432
-433
-434
-435
-436
-437
-438
-439
-440
-441
-442
-443
-444
-445
-446
-447
-448
-449
-450
-451
-452
-453
-454
-455
-456
-457
-458
-459
-460
-461
-462
-463
-464
-465
-466
-467
-468
-469
-470
-471
-472
-473
-474
-475
-476
-477
-478
-479
-480
-481
-482
-483
-484
-485
-486
-487
-488
-489
-490
-491
-492
-493
-494
-495
-496
-497
-498
-499
-500
1
2
3
4
5
6
7
8
9
10
11
12
13
14
15
16
17
18
19
20
21
22
23
24
25
26
27
28
29
30
31
32
33
34
35
36
37
38
39
40
41
42
43
44
45
46
47
48
49
50
51
52
53
54
55
56
57
58
59
60
61
62
63
64
65
66
67
68
69
70
71
72
73
74
75
76
77
78
79
80
81
82
83
84
85
86
87
88
89
90
91
92
93
94
95
96
97
98
99
100
101
102
103
104
105
106
107
108
109
110
111
112
113
114
115
116
117
118
119
120
121
122
123
124
125
126
127
128
129
130
131
132
133
134
135
136
137
138
139
140
141
142
143
144
145
146
147
148
149
150
151
152
153
154
155
156
157
158
159
160
161
162
163
164
165
166
167
168
169
170
171
172
173
174
175
176
177
178
179
180
181
182
183
184
185
186
187
188
189
190
191
192
193
194
195
196
197
198
199
200
201
202
203
204
205
206
207
208
209
210
211
212
213
214
215
216
217
218
219
220
221
222
223
224
225
226
227
228
229
230
231
232
233
234
235
236
237
238
239
240
241
242
243
244
245
246
247
248
249
250
251
252
253
254
255
256
257
258
259
260
261
262
263
264
265
266
267
268
269
270
271
272
273
274
275
276
277
278
279
280
281
282
283
284
285
286
287
288
289
290
291
292
293
294
295
296
297
298
299
300
301
302
303
304
305
306
307
308
309
310
311
312
313
314
315
316
317
318
319
320
321
322
323
324
325
326
327
328
329
330
331
332
333
334
335
336
337
338
339
340
341
342
343
344
345
346
347
348
349
350
351
352
353
354
355
356
357
358
359
360
361
362
363
364
365
366
367
368
369
370
371
372
373
374
375
376
377
378
379
380
381
382
383
384
385
386
387
388
389
390
391
392
393
394
395
396
397
398
399
400
401
402
403
404
405
406
407
408
409
410
411
412
413
414
415
416
417
418
419
420
421
422
423
424
425
426
427
428
429
430
431
432
433
434
435
436
437
438
439
440
441
442
443
444
445
446
447
448
449
450
451
452
453
454
455
456
457
458
459
460
461
462
463
464
465
466
467
468
469
470
471
472
473
474
475
476
477
478
479
480
481
482
483
484
485
486
487
488
489
490
491
492
493
494
495
496
497
498
499
500
1
2
3
4
5
6
7
8
9
10
11
12
13
14
15
16
17
18
19
20
21
22
23
24
25
26
27
28
29
30
31
32
33
34
35
36
37
38
39
40
41
42
43
44
45
46
47
48
49
50
51
52
53
54
55
56
57
58
59
60
61
62
63
64
65
66
67
68
69
70
71
72
73
74
75
76
77
78
79
80
81
82
83
84
85
86
87
88
89
90
91
92
93
94
95
96
97
98
99
100
101
102
103
104
105
106
107
108
109
110
111
112
113
114
115
116
117
118
119
120
121
122
123
124
125
126
127
128
129
130
131
132
133
134
135
136
137
138
139
140
141
142
143
144
145
146
147
148
149
150
151
152
153
154
155
156
157
158
159
160
161
162
163
164
165
166
167
168
169
170
171
172
173
174
175
176
177
178
179
180
181
182
183
184
185
186
187
188
189
190
191
192
193
194
195
196
197
198
199
200
201
202
203
204
205
206
207
208
209
210
211
212
213
214
215
216
217
218
219
220
221
222
223
224
225
226
227
228
229
230
231
232
233
234
235
236
237
238
239
240
241
242
243
244
245
246
247
248
249
250
251
252
253
254
255
256
257
258
259
260
261
262
263
264
265
266
267
268
269
270
271
272
273
274
275
276
277
278
279
280
281
282
283
284
285
286
287
288
289
290
291
292
293
294
295
296
297
298
299
300
301
302
303
304
305
306
307
308
309
310
311
312
313
314
315
316
317
318
319
320
321
322
323
324
325
326
327
328
329
330
331
332
333
334
335
336
337
338
339
340
341
342
343
344
345
346
347
348
349
350
351
352
353
354
355
356
357
358
359
360
361
362
363
364
365
366
367
368
369
370
371
372
373
374
375
376
377
378
379
380
381
382
383
384
385
386
387
388
389
390
391
392
393
394
395
396
397
398
399
400
401
402
403
404
405
406
407
408
409
410
411
412
413
414
415
416
417
418
419
420
421
422
423
424
425
426
427
428
429
430
431
432
433
434
435
436
437
438
439
440
441
442
443
444
445
446
447
448
449
450
451
452
453
454
455
456
457
458
459
460
461
462
463
464
465
466
467
468
469
470
471
472
473
474
475
476
477
478
479
480
481
482
483
484
485
486
487
488
489
490
491
492
493
494
495
496
497
498
499
500
1
2
3
4
5
6
7
8
9
10
11
12
13
14
15
16
17
18
19
20
21
22
23
24
25
26
27
28
29
30
31
32
33
34
35
36
37
38
39
40
41
42
43
44
45
46
47
48
49
50
51
52
53
54
55
56
57
58
59
60
61
62
63
64
65
66
67
68
69
70
71
72
73
74
75
76
77
78
79
80
81
82
83
84
85
86
87
88
89
90
91
92
93
94
95
96
97
98
99
100
101
102
103
104
105
106
107
108
109
110
111
112
113
114
115
116
117
118
119
120
121
122
123
124
125
126
127
128
129
130
131
132
133
134
135
136
137
138
139
140
141
142
143
144
145
146
147
148
149
150
151
152
153
154
155
156
157
158
159
160
161
162
163
164
165
166
167
168
169
170
171
172
173
174
175
176
177
178
179
180
181
182
183
184
185
186
187
188
189
190
191
192
193
194
195
196
197
198
199
200
201
202
203
204
205
206
207
208
209
210
211
212
213
214
215
216
217
218
219
220
221
222
223
224
225
226
227
228
229
230
231
232
233
234
235
236
237
238
239
240
241
242
243
244
245
246
247
248
249
250
251
252
253
254
255
256
257
258
259
260
261
262
263
264
265
266
267
268
269
270
271
272
273
274
275
276
277
278
279
280
281
282
283
284
285
286
287
288
289
290
291
292
293
294
295
296
297
298
299
300
301
302
303
304
305
306
307
308
309
310
311
312
313
314
315
316
317
318
319
320
321
322
323
324
325
326
327
328
329
330
331
332
333
334
335
336
337
338
339
340
341
342
343
344
345
346
347
348
349
350
351
352
353
354
355
356
357
358
359
360
361
362
363
364
365
366
367
368
369
370
371
372
373
374
375
376
377
378
379
380
381
382
383
384
385
386
387
388
389
390
391
392
393
394
395
396
397
398
399
400
401
402
403
404
405
406
407
408
409
410
411
412
413
414
415
416
417
418
419
420
421
422
423
424
425
426
427
428
429
430
431
432
433
434
435
436
437
438
439
440
441
442
443
444
445
446
447
448
449
450
451
452
453
454
455
456
457
458
459
460
461
462
463
464
465
466
467
468
469
470
471
472
473
474
475
476
477
478
479
480
481
482
483
484
485
486
487
488
489
490
491
492
493
494
495
496
497
498
499
500
-1
-2
-3
-4
-5
-6
-7
-8
-9
-10
-11
-12
-13
-14
-15
-16
-17
-18
-19
-20
-21
-22
-23
-24
-25
-26
-27
-28
-29
-30
-31
-32
-33
-34
-35
-36
-37
-38
-39
-40
-41
-42
-43
-44
-45
-46
-47
-48
-49
-50
-51
-52
-53
-54
-55
-56
-57
-58
-59
-60
-61
-62
-63
-64
-65
-66
-67
-68
-69
-70
-71
-72
-73
-74
-75
-76
-77
-78
-79
-80
-81
-82
-83
-84
-85
-86
-87
-88
-89
-90
-91
-92
-93
-94
-95
-96
-97
-98
-99
-100
-101
-102
-103
-104
-105
-106
-107
-108
-109
-110
-111
-112
-113
-114
-115
-116
-117
-118
-119
-120
-121
-122
-123
-124
-125
-126
-127
-128
-129
-130
-131
-132
-133
-134
-135
-136
-137
-138
-139
-140
-141
-142
-143
-144
-145
-146
-147
-148
-149
-150
-151
-152
-153
-154
-155
-156
-157
-158
-159
-160
-161
-162
-163
-164
-165
-166
-167
-168
-169
-170
-171
-172
-173
-174
-175
-176
-177
-178
-179
-180
-181
-182
-183
-184
-185
-186
-187
-188
-189
-190
-191
-192
-193
-194
-195
-196
-197
-198
-199
-200
-201
-202
-203
-204
-205
-206
-207
-208
-209
-210
-211
-212
-213
-214
-215
-216
-217
-218
-219
-220
-221
-222
-223
-224
-225
-226
-227
-228
-229
-230
-231
-232
-233
-234
-235
-236
-237
-238
-239
-240
-241
-242
-243
-244
-245
-246
-247
-248
-249
-250
-251
-252
-253
-254
-255
-256
-257
-258
-259
-260
-261
-262
-263
-264
-265
-266
-267
-268
-269
-270
-271
-272
-273
-274
-275
-276
-277
-278
-279
-280
-281
-282
-283
-284
-285
-286
-287
-288
-289
-290
-291
-292
-293
-294
-295
-296
-297
-298
-299
-300
-301
-302
-303
-304
-305
-306
-307
-308
-309
-310
-311
-312
-313
-314
-315
-316
-317
-318
-319
-320
-321
-322
-323
-324
-325
-326
-327
-328
-329
-330
-331
-332
-333
-334
-335
-336
-337
-338
-339
-340
-341
-342
-343
-344
-345
-346
-347
-348
-349
-350
-351
-352
-353
-354
-355
-356
-357
-358
-359
-360
-361
-362
-363
-364
-365
-366
-367
-368
-369
-370
-371
-372
-373
-374
-375
-376
-377
-378
-379
-380
-381
-382
-383
-384
-385
-386
-387
-388
-389
-390
-391
-392
-393
-394
-395
-396
-397
-398
-399
-400
-401
-402
-403
-404
-405
-406
-407
-408
-409
-410
-411
-412
-413
-414
-415
-416
-417
-418
-419
-420
-421
-422
-423
-424
-425
-426
-427
-428
-429
-430
-431
-432
-433
-434
-435
-436
-437
-438
-439
-440
-441
-442
-443
-444
-445
-446
-447
-448
-449
-450
-451
-452
-453
-454
-455
-456
-457
-458
-459
-460
-461
-462
-463
-464
-465
-466
-467
-468
-469
-470
-471
-472
-473
-474
-475
-476
-477
-478
-479
-480
-481
-482
-483
-484
-485
-486
-487
-488
-489
-490
-491
-492
-493
-494
-495
-496
-497
-498
-499
-500
1
2
3
4
5
6
7
8
9
10
11
12
13
14
15
16
17
18
19
20
21
22
23
24
25
26
27
28
29
30
31
32
33
34
35
36
37
38
39
40
41
42
43
44
45
46
47
48
49
50
51
52
53
54
55
56
57
58
59
60
61
62
63
64
65
66
67
68
69
70
71
72
73
74
75
76
77
78
79
80
81
82
83
84
85
86
87
88
89
90
91
92
93
94
95
96
97
98
99
100
101
102
103
104
105
106
107
108
109
110
111
112
113
114
115
116
117
118
119
120
121
122
123
124
125
126
127
128
129
130
131
132
133
134
135
136
137
138
139
140
141
142
143
144
145
146
147
148
149
150
151
152
153
154
155
156
157
158
159
160
161
162
163
164
165
166
167
168
169
170
171
172
173
174
175
176
177
178
179
180
181
182
183
184
185
186
187
188
189
190
191
192
193
194
195
196
197
198
199
200
201
202
203
204
205
206
207
208
209
210
211
212
213
214
215
216
217
218
219
220
221
222
223
224
225
226
227
228
229
230
231
232
233
234
235
236
237
238
239
240
241
242
243
244
245
246
247
248
249
250
251
252
253
254
255
256
257
258
259
260
261
262
263
264
265
266
267
268
269
270
271
272
273
274
275
276
277
278
279
280
281
282
283
284
285
286
287
288
289
290
291
292
293
294
295
296
297
298
299
300
301
302
303
304
305
306
307
308
309
310
311
312
313
314
315
316
317
318
319
320
321
322
323
324
325
326
327
328
329
330
331
332
333
334
335
336
337
338
339
340
341
342
343
344
345
346
347
348
349
350
351
352
353
354
355
356
357
358
359
360
361
362
363
364
365
366
367
368
369
370
371
372
373
374
375
376
377
378
379
380
381
382
383
384
385
386
387
388
389
390
391
392
393
394
395
396
397
398
399
400
401
402
403
404
405
406
407
408
409
410
411
412
413
414
415
416
417
418
419
420
421
422
423
424
425
426
427
428
429
430
431
432
433
434
435
436
437
438
439
440
441
442
443
444
445
446
447
448
449
450
451
452
453
454
455
456
457
458
459
460
461
462
463
464
465
466
467
468
469
470
471
472
473
474
475
476
477
478
479
480
481
482
483
484
485
486
487
488
489
490
491
492
493
494
495
496
497
498
499
500
1
2
3
4
5
6
7
8
9
10
11
12
13
14
15
16
17
18
19
20
21
22
23
24
25
26
27
28
29
30
31
32
33
34
35
36
37
38
39
40
41
42
43
44
45
46
47
48
49
50
51
52
53
54
55
56
57
58
59
60
61
62
63
64
65
66
67
68
69
70
71
72
73
74
75
76
77
78
79
80
81
82
83
84
85
86
87
88
89
90
91
92
93
94
95
96
97
98
99
100
101
102
103
104
105
106
107
108
109
110
111
112
113
114
115
116
117
118
119
120
121
122
123
124
125
126
127
128
129
130
131
132
133
134
135
136
137
138
139
140
141
142
143
144
145
146
147
148
149
150
151
152
153
154
155
156
157
158
159
160
161
162
163
164
165
166
167
168
169
170
171
172
173
174
175
176
177
178
179
180
181
182
183
184
185
186
187
188
189
190
191
192
193
194
195
196
197
198
199
200
201
202
203
204
205
206
207
208
209
210
211
212
213
214
215
216
217
218
219
220
221
222
223
224
225
226
227
228
229
230
231
232
233
234
235
236
237
238
239
240
241
242
243
244
245
246
247
248
249
250
251
252
253
254
255
256
257
258
259
260
261
262
263
264
265
266
267
268
269
270
271
272
273
274
275
276
277
278
279
280
281
282
283
284
285
286
287
288
289
290
291
292
293
294
295
296
297
298
299
300
301
302
303
304
305
306
307
308
309
310
311
312
313
314
315
316
317
318
319
320
321
322
323
324
325
326
327
328
329
330
331
332
333
334
335
336
337
338
339
340
341
342
343
344
345
346
347
348
349
350
351
352
353
354
355
356
357
358
359
360
361
362
363
364
365
366
367
368
369
370
371
372
373
374
375
376
377
378
379
380
381
382
383
384
385
386
387
388
389
390
391
392
393
394
395
396
397
398
399
400
401
402
403
404
405
406
407
408
409
410
411
412
413
414
415
416
417
418
419
420
421
422
423
424
425
426
427
428
429
430
431
432
433
434
435
436
437
438
439
440
441
442
443
444
445
446
447
448
449
450
451
452
453
454
455
456
457
458
459
460
461
462
463
464
465
466
467
468
469
470
471
472
473
474
475
476
477
478
479
480
481
482
483
484
485
486
487
488
489
490
491
492
493
494
495
496
497
498
499
500
-1
-2
-3
-4
-5
-6
-7
-8
-9
-10
-11
-12
-13
-14
-15
-16
-17
-18
-19
-20
-21
-22
-23
-24
-25
-26
-27
-28
-29
-30
-31
-32
-33
-34
-35
-36
-37
-38
-39
-40
-41
-42
-43
-44
-45
-46
-47
-48
-49
-50
-51
-52
-53
-54
-55
-56
-57
-58
-59
-60
-61
-62
-63
-64
-65
-66
-67
-68
-69
-70
-71
-72
-73
-74
-75
-76
-77
-78
-79
-80
-81
-82
-83
-84
-85
-86
-87
-88
-89
-90
-91
-92
-93
-94
-95
-96
-97
-98
-99
-100
-101
-102
-103
-104
-105
-106
-107
-108
-109
-110
-111
-112
-113
-114
-115
-116
-117
-118
-119
-120
-121
-122
-123
-124
-125
-126
-127
-128
-129
-130
-131
-132
-133
-134
-135
-136
-137
-138
-139
-140
-141
-142
-143
-144
-145
-146
-147
-148
-149
-150
-151
-152
-153
-154
-155
-156
-157
-158
-159
-160
-161
-162
-163
-164
-165
-166
-167
-168
-169
-170
-171
-172
-173
-174
-175
-176
-177
-178
-179
-180
-181
-182
-183
-184
-185
-186
-187
-188
-189
-190
-191
-192
-193
-194
-195
-196
-197
-198
-199
-200
-201
-202
-203
-204
-205
-206
-207
-208
-209
-210
-211
-212
-213
-214
-215
-216
-217
-218
-219
-220
-221
-222
-223
-224
-225
-226
-227
-228
-229
-230
-231
-232
-233
-234
-235
-236
-237
-238
-239
-240
-241
-242
-243
-244
-245
-246
-247
-248
-249
-250
-251
-252
-253
-254
-255
-256
-257
-258
-259
-260
-261
-262
-263
-264
-265
-266
-267
-268
-269
-270
-271
-272
-273
-274
-275
-276
-277
-278
-279
-280
-281
-282
-283
-284
-285
-286
-287
-288
-289
-290
-291
-292
-293
-294
-295
-296
-297
-298
-299
-300
-301
-302
-303
-304
-305
-306
-307
-308
-309
-310
-311
-312
-313
-314
-315
-316
-317
-318
-319
-320
-321
-322
-323
-324
-325
-326
-327
-328
-329
-330
-331
-332
-333
-334
-335
-336
-337
-338
-339
-340
-341
-342
-343
-344
-345
-346
-347
-348
-349
-350
-351
-352
-353
-354
-355
-356
-357
-358
-359
-360
-361
-362
-363
-364
-365
-366
-367
-368
-369
-370
-371
-372
-373
-374
-375
-376
-377
-378
-379
-380
-381
-382
-383
-384
-385
-386
-387
-388
-389
-390
-391
-392
-393
-394
-395
-396
-397
-398
-399
-400
-401
-402
-403
-404
-405
-406
-407
-408
-409
-410
-411
-412
-413
-414
-415
-416
-417
-418
-419
-420
-421
-422
-423
-424
-425
-426
-427
-428
-429
-430
-431
-432
-433
-434
-435
-436
-437
-438
-439
-440
-441
-442
-443
-444
-445
-446
-447
-448
-449
-450
-451
-452
-453
-454
-455
-456
-457
-458
-459
-460
-461
-462
-463
-464
-465
-466
-467
-468
-469
-470
-471
-472
-473
-474
-475
-476
-477
-478
-479
-480
-481
-482
-483
-484
-485
-486
-487
-488
-489
-490
-491
-492
-493
-494
-495
-496
-497
-498
-499
-500
-1
-2
-3
-4
-5
-6
-7
-8
-9
-10
-11
-12
-13
-14
-15
-16
-17
-18
-19
-20
-21
-22
-23
-24
-25
-26
-27
-28
-29
-30
-31
-32
-33
-34
-35
-36
-37
-38
-39
-40
-41
-42
-43
-44
-45
-46
-47
-48
-49
-50
-51
-52
-53
-54
-55
-56
-57
-58
-59
-60
-61
-62
-63
-64
-65
-66
-67
-68
-69
-70
-71
-72
-73
-74
-75
-76
-77
-78
-79
-80
-81
-82
-83
-84
-85
-86
-87
-88
-89
-90
-91
-92
-93
-94
-95
-96
-97
-98
-99
-100
-101
-102
-103
-104
-105
-106
-107
-108
-109
-110
-111
-112
-113
-114
-115
-116
-117
-118
-119
-120
-121
-122
-123
-124
-125
-126
-127
-128
-129
-130
-131
-132
-133
-134
-135
-136
-137
-138
-139
-140
-141
-142
-143
-144
-145
-146
-147
-148
-149
-150
-151
-152
-153
-154
-155
-156
-157
-158
-159
-160
-161
-162
-163
-164
-165
-166
-167
-168
-169
-170
-171
-172
-173
-174
-175
-176
-177
-178
-179
-180
-181
-182
-183
-184
-185
-186
-187
-188
-189
-190
-191
-192
-193
-194
-195
-196
-197
-198
-199
-200
-201
-202
-203
-204
-205
-206
-207
-208
-209
-210
-211
-212
-213
-214
-215
-216
-217
-218
-219
-220
-221
-222
-223
-224
-225
-226
-227
-228
-229
-230
-231
-232
-233
-234
-235
-236
-237
-238
-239
-240
-241
-242
-243
-244
-245
-246
-247
-248
-249
-250
-251
-252
-253
-254
-255
-256
-257
-258
-259
-260
-261
-262
-263
-264
-265
-266
-267
-268
-269
-270
-271
-272
-273
-274
-275
-276
-277
-278
-279
-280
-281
-282
-283
-284
-285
-286
-287
-288
-289
-290
-291
-292
-293
-294
-295
-296
-297
-298
-299
-300
-301
-302
-303
-304
-305
-306
-307
-308
-309
-310
-311
-312
-313
-314
-315
-316
-317
-318
-319
-320
-321
-322
-323
-324
-325
-326
-327
-328
-329
-330
-331
-332
-333
-334
-335
-336
-337
-338
-339
-340
-341
-342
-343
-344
-345
-346
-347
-348
-349
-350
-351
-352
-353
-354
-355
-356
-357
-358
-359
-360
-361
-362
-363
-364
-365
-366
-367
-368
-369
-370
-371
-372
-373
-374
-375
-376
-377
-378
-379
-380
-381
-382
-383
-384
-385
-386
-387
-388
-389
-390
-391
-392
-393
-394
-395
-396
-397
-398
-399
-400
-401
-402
-403
-404
-405
-406
-407
-408
-409
-410
-411
-412
-413
-414
-415
-416
-417
-418
-419
-420
-421
-422
-423
-424
-425
-426
-427
-428
-429
-430
-431
-432
-433
-434
-435
-436
-437
-438
-439
-440
-441
-442
-443
-444
-445
-446
-447
-448
-449
-450
-451
-452
-453
-454
-455
-456
-457
-458
-459
-460
-461
-462
-463
-464
-465
-466
-467
-468
-469
-470
-471
-472
-473
-474
-475
-476
-477
-478
-479
-480
-481
-482
-483
-484
-485
-486
-487
-488
-489
-490
-491
-492
-493
-494
-495
-496
-497
-498
-499
-500
1
2
3
4
5
6
7
8
9
10
11
12
13
14
15
16
17
18
19
20
21
22
23
24
25
26
27
28
29
30
31
32
33
34
35
36
37
38
39
40
41
42
43
44
45
46
47
48
49
50
51
52
53
54
55
56
57
58
59
60
61
62
63
64
65
66
67
68
69
70
71
72
73
74
75
76
77
78
79
80
81
82
83
84
85
86
87
88
89
90
91
92
93
94
95
96
97
98
99
100
101
102
103
104
105
106
107
108
109
110
111
112
113
114
115
116
117
118
119
120
121
122
123
124
125
126
127
128
129
130
131
132
133
134
135
136
137
138
139
140
141
142
143
144
145
146
147
148
149
150
151
152
153
154
155
156
157
158
159
160
161
162
163
164
165
166
167
168
169
170
171
172
173
174
175
176
177
178
179
180
181
182
183
184
185
186
187
188
189
190
191
192
193
194
195
196
197
198
199
200
201
202
203
204
205
206
207
208
209
210
211
212
213
214
215
216
217
218
219
220
221
222
223
224
225
226
227
228
229
230
231
232
233
234
235
236
237
238
239
240
241
242
243
244
245
246
247
248
249
250
251
252
253
254
255
256
257
258
259
260
261
262
263
264
265
266
267
268
269
270
271
272
273
274
275
276
277
278
279
280
281
282
283
284
285
286
287
288
289
290
291
292
293
294
295
296
297
298
299
300
301
302
303
304
305
306
307
308
309
310
311
312
313
314
315
316
317
318
319
320
321
322
323
324
325
326
327
328
329
330
331
332
333
334
335
336
337
338
339
340
341
342
343
344
345
346
347
348
349
350
351
352
353
354
355
356
357
358
359
360
361
362
363
364
365
366
367
368
369
370
371
372
373
374
375
376
377
378
379
380
381
382
383
384
385
386
387
388
389
390
391
392
393
394
395
396
397
398
399
400
401
402
403
404
405
406
407
408
409
410
411
412
413
414
415
416
417
418
419
420
421
422
423
424
425
426
427
428
429
430
431
432
433
434
435
436
437
438
439
440
441
442
443
444
445
446
447
448
449
450
451
452
453
454
455
456
457
458
459
460
461
462
463
464
465
466
467
468
469
470
471
472
473
474
475
476
477
478
479
480
481
482
483
484
485
486
487
488
489
490
491
492
493
494
495
496
497
498
499
500
-1
-2
-3
-4
-5
-6
-7
-8
-9
-10
-11
-12
-13
-14
-15
-16
-17
-18
-19
-20
-21
-22
-23
-24
-25
-26
-27
-28
-29
-30
-31
-32
-33
-34
-35
-36
-37
-38
-39
-40
-41
-42
-43
-44
-45
-46
-47
-48
-49
-50
-51
-52
-53
-54
-55
-56
-57
-58
-59
-60
-61
-62
-63
-64
-65
-66
-67
-68
-69
-70
-71
-72
-73
-74
-75
-76
-77
-78
-79
-80
-81
-82
-83
-84
-85
-86
-87
-88
-89
-90
-91
-92
-93
-94
-95
-96
-97
-98
-99
-100
-101
-102
-103
-104
-105
-106
-107
-108
-109
-110
-111
-112
-113
-114
-115
-116
-117
-118
-119
-120
-121
-122
-123
-124
-125
-126
-127
-128
-129
-130
-131
-132
-133
-134
-135
-136
-137
-138
-139
-140
-141
-142
-143
-144
-145
-146
-147
-148
-149
-150
-151
-152
-153
-154
-155
-156
-157
-158
-159
-160
-161
-162
-163
-164
-165
-166
-167
-168
-169
-170
-171
-172
-173
-174
-175
-176
-177
-178
-179
-180
-181
-182
-183
-184
-185
-186
-187
-188
-189
-190
-191
-192
-193
-194
-195
-196
-197
-198
-199
-200
-201
-202
-203
-204
-205
-206
-207
-208
-209
-210
-211
-212
-213
-214
-215
-216
-217
-218
-219
-220
-221
-222
-223
-224
-225
-226
-227
-228
-229
-230
-231
-232
-233
-234
-235
-236
-237
-238
-239
-240
-241
-242
-243
-244
-245
-246
-247
-248
-249
-250
-251
-252
-253
-254
-255
-256
-257
-258
-259
-260
-261
-262
-263
-264
-265
-266
-267
-268
-269
-270
-271
-272
-273
-274
-275
-276
-277
-278
-279
-280
-281
-282
-283
-284
-285
-286
-287
-288
-289
-290
-291
-292
-293
-294
-295
-296
-297
-298
-299
-300
-301
-302
-303
-304
-305
-306
-307
-308
-309
-310
-311
-312
-313
-314
-315
-316
-317
-318
-319
-320
-321
-322
-323
-324
-325
-326
-327
-328
-329
-330
-331
-332
-333
-334
-335
-336
-337
-338
-339
-340
-341
-342
-343
-344
-345
-346
-347
-348
-349
-350
-351
-352
-353
-354
-355
-356
-357
-358
-359
-360
-361
-362
-363
-364
-365
-366
-367
-368
-369
-370
-371
-372
-373
-374
-375
-376
-377
-378
-379
-380
-381
-382
-383
-384
-385
-386
-387
-388
-389
-390
-391
-392
-393
-394
-395
-396
-397
-398
-399
-400
-401
-402
-403
-404
-405
-406
-407
-408
-409
-410
-411
-412
-413
-414
-415
-416
-417
-418
-419
-420
-421
-422
-423
-424
-425
-426
-427
-428
-429
-430
-431
-432
-433
-434
-435
-436
-437
-438
-439
-440
-441
-442
-443
-444
-445
-446
-447
-448
-449
-450
-451
-452
-453
-454
-455
-456
-457
-458
-459
-460
-461
-462
-463
-464
-465
-466
-467
-468
-469
-470
-471
-472
-473
-474
-475
-476
-477
-478
-479
-480
-481
-482
-483
-484
-485
-486
-487
-488
-489
-490
-491
-492
-493
-494
-495
-496
-497
-498
-499
-500
